i in color : 89
94, 252
interPlane
plane
vertex 0 : 10.023, 2.73036, 36.3637
vertex 1 : 10.008, 1.57688, 33.3764
vertex 2 : 21.2951, 1.5769, 37.4846
vertex 3 : 19.4878, 2.73038, 39.8086
normal of plane : -0.1302, -0.9247, 0.3577
o : 10, 0, 300
u : 0.00788478, 0.615013, -0.788478
s : 113.682
middle point 0 1 : 10.0155 2.15362 34.8701 
crossVect
p0 : 10.023, 2.73036, 36.3637
p1 : 10.008, 1.57688, 33.3764
d : 3.20224
v : -0.00468422, -0.36021, -0.932859
N D :-0.991476, 0.123136, -0.0425685, 11.1493
i : 0
crossNum : 0
crossVect
p0 : 10.008, 1.57688, 33.3764
p1 : 21.2951, 1.5769, 37.4846
d : 12.0115
v : 0.939693, 1.66507e-06, 0.34202
N D :0.316271, -0.380665, -0.868946, 26.4374
s : 189.725
pNew : 10.008, 1.5769, 33.3764, 
vNew : 2.89132e-06, 1.84325e-05, -7.02247e-06, 
dNdw : 1.99357e-05
i : 1
crossNum : 1
crossVect
p0 : 21.2951, 1.5769, 37.4846
p1 : 19.4878, 2.73038, 39.8086
d : 3.16193
v : -0.571588, 0.364802, 0.734988
N D :0.810145, 0.108763, 0.576052, -39.0167
s : 169.891
pNew : 10.1009, 8.72115, 51.879, 
vNew : -11.1943, 7.14425, 14.3944, 
dNdw : 19.5845
i : 2
crossNum : 1
crossVect
p0 : 19.4878, 2.73038, 39.8086
p1 : 10.023, 2.73036, 36.3637
d : 10.0723
v : -0.939692, -1.98565e-06, -0.342021
N D :-0.316272, 0.380665, 0.868946, -29.4674
s : 186.523
pNew : 10.023, 2.73034, 36.3637, 
vNew : -9.46482, -3.84325e-05, -3.44491, 
dNdw : 10.0723
i : 3
crossNum : 1

