i in color : 73
0, 146
interPlane
plane
vertex 0 : 17.3153, 34.9082, 49.6603
vertex 1 : 19.7297, 32.5907, 48.9217
vertex 2 : 18.6807, 33.8572, 55.6312
vertex 3 : 16.4583, 34.9082, 54.5202
o : 0, 0, 200
u : -0.360304, 0.866115, -0.346446
s : 76.4392
middle point 0 1 : 18.5225 33.7494 49.291 
crossVect
p0 : 17.3153, 34.9082, 49.6603
p1 : 19.7297, 32.5907, 48.9217
d : 3.42722
v : 0.70449, -0.676199, -0.215522
N D :-0.170447, 0.133584, -0.97627, 46.7701
s : 136.41
pNew : 18.5225, 33.7494, 49.291, 
vNew : 1.20722, -1.15874, -0.36932, 
dNdw : 1.71361
i : 0
crossNum : 1
crossVect
p0 : 19.7297, 32.5907, 48.9217
p1 : 18.6807, 33.8572, 55.6312
d : 6.90807
v : -0.151857, 0.183342, 0.971249
N D :0.786322, -0.572966, 0.231102, -8.14642
s : 144.392
pNew : 21.2181, 31.8501, 42.0213, 
vNew : 1.48842, -0.740559, -6.90039, 
i : 1
crossNum : 1
crossVect
p0 : 18.6807, 33.8572, 55.6312
p1 : 16.4583, 34.9082, 54.5202
d : 2.69767
v : -0.8238, 0.389573, -0.411808
N D :-0.341563, 0.238658, 0.909053, -52.2713
s : 130.674
pNew : 16.5858, 35.114, 54.5141, 
vNew : -2.09491, 1.25679, -1.11708, 
dNdw : 2.68627
i : 2
crossNum : 2
crossVect
p0 : 16.4583, 34.9082, 54.5202
p1 : 17.3153, 34.9082, 49.6603
d : 4.93487
v : 0.17365, 0, -0.984807
N D :-0.800561, 0.582388, -0.141162, 0.541964
s : 130.741
pNew : 16.6083, 35.0981, 54.4532, 
vNew : 0.149998, 0.189943, -0.0670309, 
dNdw : 0.25114
i : 3
crossNum : 3

